107834	16924	118	69663	97
107834	16925	118	73359	99
107834	16926	118	52980	69
107834	16926	118	1	0
107834	16927	118	152	0
117754	16923	118	11942	1
117754	16924	118	79426	28
117754	16925	118	55045	16
117754	16926	118	51313	16
117754	16926	118	5602	2
117754	16927	118	68958	33
117754	16928	118	22647	11
117754	16929	118	13621	4
117755	16923	118	15888	6
117755	16924	118	202425	37
117755	16925	118	227668	47
117755	16926	118	212405	33
117755	16926	118	16492	3
117755	16927	118	204991	37
117755	16928	118	140933	30
117755	16929	118	97741	34
141487	16922	118	1	0
141487	16923	118	85629	39
141487	16924	118	266441	154
141487	16925	118	261513	173
141487	16925	118	1	0
141487	16926	118	140652	95
141487	16926	118	67982	63
141487	16927	118	210670	159
141487	16928	118	254221	178
141487	16929	118	167408	122
148426	16922	118	1	0
148426	16923	118	98255	355
148426	16924	118	663550	1455
148426	16925	118	986602	1647
148426	16925	118	4	0
148426	16926	118	647069	1017
148426	16926	118	203249	445
148426	16927	118	750762	1128
148426	16928	118	572744	927
148426	16929	118	446715	681
149640	16923	118	6152	6
149640	16924	118	28080	18
149640	16925	118	31341	26
149640	16925	118	1	0
149640	16926	118	23673	13
149640	16926	118	10214	5
149640	16927	118	30228	28
149640	16928	118	31317	18
149640	16929	118	21700	14
150608	16922	118	1	0
150608	16923	118	15725	182
150608	16924	118	59472	670
150608	16925	118	59753	739
150608	16925	118	3	0
150608	16926	118	43323	547
150608	16926	118	16264	184
150608	16927	118	59700	825
150608	16928	118	59954	765
150608	16929	118	43571	534
151756	16922	118	1	0
151756	16923	118	26645	103
151756	16924	118	84387	247
151756	16925	118	61451	156
151756	16926	118	45405	112
151756	16926	118	19851	56
151756	16927	118	65078	167
151756	16928	118	73376	173
151756	16929	118	51246	120
152216	16923	118	21194	23
152216	16924	118	33824	14
152216	16925	118	37602	31
152216	16926	118	26987	12
152216	16926	118	12489	9
152216	16927	118	34181	24
152216	16928	118	24083	30
152216	16929	118	23844	28
155483	16922	118	2	0
155483	16923	118	30272	87
155483	16924	118	118000	315
155483	16925	118	65279	182
155483	16925	118	1	0
155483	16926	118	20922	40
155483	16926	118	6330	15
155483	16927	118	26021	65
155483	16928	118	25903	80
155483	16929	118	18020	51
155982	16923	118	9354	9
155982	16924	118	34716	34
155982	16925	118	34872	41
155982	16926	118	23570	24
155982	16926	118	9755	14
155982	16927	118	32031	54
155982	16928	118	34691	68
155982	16929	118	24751	44
157665	16923	118	10874	2
157665	16924	118	47850	10
157665	16925	118	40448	11
157665	16926	118	29806	8
157665	16926	118	11392	6
157665	16927	118	45998	6
157665	16928	118	30679	7
157665	16929	118	14708	2
163344	16923	118	11159	8
163344	16924	118	28970	22
163344	16925	118	31724	37
163344	16926	118	23408	21
163344	16926	118	10881	6
163344	16927	118	34567	37
163344	16928	118	44427	44
163344	16929	118	30901	32
163345	16923	118	11165	8
163345	16924	118	23532	29
163345	16925	118	47057	32
163345	16926	118	29037	18
163345	16926	118	13943	8
163345	16927	118	25485	27
163345	16928	118	31498	37
163345	16929	118	19027	27
164256	16923	118	33951	81
164256	16924	118	116433	300
164256	16925	118	114206	329
164256	16925	118	1	0
164256	16926	118	129469	197
164256	16926	118	49757	95
164256	16927	118	173034	384
164256	16928	118	87910	377
164256	16929	118	56960	290
164387	16922	118	2	0
164387	16923	118	54749	171
164387	16924	118	139914	477
164387	16925	118	94438	304
164387	16926	118	44831	195
164387	16926	118	19089	63
164387	16927	118	65845	249
164387	16928	118	88692	319
164387	16929	118	60569	230
168567	16923	118	4081	0
168567	16924	118	13259	7
168567	16925	118	15595	5
168567	16926	118	3072	2
168567	16926	118	1165	2
168567	16927	118	5308	5
168567	16928	118	13739	6
168567	16929	118	9940	5
169097	16923	118	8886	5
169097	16924	118	33434	16
169097	16925	118	26981	18
169097	16926	118	25019	11
169097	16926	118	8915	7
169097	16927	118	32883	21
169097	16928	118	20626	18
169097	16929	118	16793	12
172784	16923	118	7384	5
172784	16924	118	35396	22
172784	16925	118	38565	30
172784	16926	118	34256	17
172784	16926	118	16698	16
172784	16927	118	54804	31
172784	16928	118	40245	30
172784	16929	118	26460	18
173112	16923	118	7704	4
173112	16925	118	25526	26
173112	16925	118	1	0
173112	16926	118	29162	17
173112	16926	118	10934	6
173112	16927	118	40175	30
173112	16928	118	48457	30
173112	16929	118	35523	31
174480	16923	118	20769	0
174480	16924	118	255799	7
174480	16925	118	259815	1
174480	16925	118	2	0
174480	16926	118	239121	0
174480	16926	118	94470	0
174480	16927	118	306830	1
174480	16928	118	270668	0
174480	16929	118	195869	0
174856	16923	118	11914	13
174856	16924	118	45679	25
174856	16925	118	46277	30
174856	16925	118	1	1
174856	16926	118	24322	17
174856	16926	118	10481	7
174856	16927	118	34129	21
174856	16928	118	32788	25
174856	16929	118	22116	12
175623	16923	118	13834	13
175623	16924	118	44990	45
175623	16925	118	63207	74
175623	16926	118	26666	26
175623	16926	118	9832	15
175623	16927	118	36080	45
175623	16928	118	53786	63
175623	16929	118	39484	38
176591	16923	118	7899	14
176591	16924	118	34272	34
176591	16925	118	25926	34
176591	16926	118	19600	28
176591	16926	118	6227	7
176591	16927	118	23269	27
176591	16928	118	18540	38
176591	16929	118	13189	28
178054	16923	118	13813	13
178054	16924	118	54938	57
178054	16925	118	58232	95
178054	16926	118	32609	29
178054	16926	118	18871	9
178054	16927	118	48018	34
178054	16928	118	48439	50
178054	16929	118	31333	25
178660	16923	118	24	1
178660	16924	118	31734	21
178660	16925	118	30243	7
178660	16926	118	39483	19
178660	16926	118	94	0
178660	16927	118	41400	23
178660	16928	118	15496	17
178660	16929	118	17699	24
179935	16922	118	1	0
179935	16923	118	74329	53
179935	16924	118	56168	23
179935	16925	118	44240	18
179935	16926	118	21575	7
179935	16926	118	35690	12
179935	16927	118	13081	2
179935	16928	118	16409	15
179935	16929	118	9031	4
180216	16923	118	2	0
180216	16924	118	9669	12
180216	16925	118	17916	10
180216	16926	118	11742	16
180216	16926	118	2	0
180216	16927	118	13680	17
180216	16928	118	12464	18
180216	16929	118	12185	17