107834	16923	122	3	0
107834	16924	122	72349	98
107834	16925	122	42173	62
107834	16926	122	26975	39
107834	16927	122	232	3
117754	16923	122	11659	3
117754	16924	122	76091	16
117754	16925	122	59527	20
117754	16926	122	48675	8
117754	16926	122	6297	2
117754	16927	122	69481	15
117754	16928	122	21621	7
117754	16929	122	14542	6
117755	16923	122	14102	6
117755	16924	122	161976	64
117755	16925	122	208393	56
117755	16926	122	187992	62
117755	16926	122	15697	8
117755	16927	122	172536	64
117755	16928	122	155546	68
117755	16929	122	107611	63
141487	16922	122	1	0
141487	16923	122	76098	43
141487	16924	122	228813	153
141487	16925	122	230116	164
141487	16926	122	173097	124
141487	16926	122	83903	58
141487	16927	122	248670	215
141487	16928	122	210653	152
141487	16929	122	140043	129
148426	16923	122	148599	396
148426	16924	122	459492	1066
148426	16925	122	232526	874
148426	16925	122	1	0
148426	16926	122	143539	545
148426	16926	122	49384	256
148426	16927	122	166227	565
148426	16928	122	113893	434
148426	16929	122	85323	356
149640	16923	122	10790	12
149640	16924	122	31475	16
149640	16925	122	27197	19
149640	16926	122	18688	16
149640	16926	122	6560	9
149640	16927	122	28497	20
149640	16928	122	27440	26
149640	16929	122	19174	18
150608	16922	122	9	0
150608	16923	122	16758	178
150608	16924	122	60335	715
150608	16925	122	59608	779
150608	16925	122	3	0
150608	16926	122	42894	531
150608	16926	122	16191	171
150608	16927	122	58887	773
150608	16928	122	59039	736
150608	16929	122	42965	549
151756	16923	122	22751	80
151756	16924	122	76224	182
151756	16925	122	67238	186
151756	16926	122	47992	120
151756	16926	122	21117	54
151756	16927	122	65089	164
151756	16928	122	65422	153
151756	16929	122	50732	116
152216	16923	122	20056	18
152216	16924	122	30502	19
152216	16925	122	29281	29
152216	16926	122	20481	18
152216	16926	122	6524	12
152216	16927	122	32780	39
152216	16928	122	45508	34
152216	16929	122	24631	20
155483	16922	122	3	0
155483	16923	122	26569	90
155483	16924	122	84201	267
155483	16925	122	61214	193
155483	16925	122	1	0
155483	16926	122	20433	50
155483	16926	122	6592	17
155483	16927	122	28168	73
155483	16928	122	27909	93
155483	16929	122	20703	61
155982	16923	122	10156	9
155982	16924	122	34704	42
155982	16925	122	34286	53
155982	16926	122	25247	36
155982	16926	122	10648	19
155982	16927	122	36863	58
155982	16928	122	34214	76
155982	16929	122	24403	44
157665	16923	122	7046	3
157665	16924	122	13274	7
157665	16925	122	16448	16
157665	16926	122	3352	4
157665	16926	122	7394	11
157665	16927	122	9444	5
157665	16928	122	8078	8
157665	16929	122	2582	2
163344	16923	122	5266	3
163344	16924	122	21331	27
163344	16925	122	17092	25
163344	16926	122	11279	16
163344	16926	122	4874	9
163344	16927	122	20334	30
163344	16928	122	16967	24
163344	16929	122	12758	16
163345	16923	122	12349	10
163345	16924	122	52388	29
163345	16925	122	33574	35
163345	16925	122	2	0
163345	16926	122	27715	19
163345	16926	122	10368	7
163345	16927	122	55203	40
163345	16928	122	51218	37
163345	16929	122	39122	26
164256	16923	122	30365	95
164256	16924	122	131066	345
164256	16925	122	133297	484
164256	16925	122	2	0
164256	16926	122	61547	200
164256	16926	122	31007	115
164256	16927	122	100966	372
164256	16928	122	153023	662
164256	16929	122	106868	484
164387	16923	122	5318	16
164387	16924	122	70468	245
164387	16925	122	134741	510
164387	16926	122	117840	444
164387	16926	122	45935	162
164387	16927	122	161702	608
164387	16928	122	137592	563
164387	16929	122	96046	404
168567	16923	122	679	0
168567	16924	122	4114	1
168567	16925	122	2570	1
168567	16926	122	4029	2
168567	16926	122	1931	0
168567	16927	122	5806	9
168567	16928	122	3193	2
168567	16929	122	1177	1
169097	16923	122	7264	9
169097	16924	122	32419	16
169097	16925	122	37792	12
169097	16926	122	23962	11
169097	16926	122	8653	8
169097	16927	122	33812	21
169097	16928	122	39543	25
169097	16929	122	30421	17
172784	16923	122	5361	8
172784	16924	122	24620	17
172784	16925	122	18913	25
172784	16926	122	10640	10
172784	16926	122	2821	1
172784	16927	122	11809	11
172784	16928	122	22410	22
172784	16929	122	17644	7
173112	16923	122	10770	9
173112	16924	122	45198	27
173112	16925	122	45313	30
173112	16925	122	1	0
173112	16926	122	24004	17
173112	16926	122	9364	6
173112	16927	122	32076	20
173112	16928	122	19205	26
173112	16929	122	14073	10
174480	16923	122	1	0
174480	16926	122	2	0
174856	16923	122	13614	8
174856	16924	122	44506	23
174856	16925	122	43340	29
174856	16926	122	38437	24
174856	16926	122	14254	11
174856	16927	122	54338	30
174856	16928	122	57025	32
174856	16929	122	42428	23
175623	16923	122	11749	4
175623	16924	122	58379	52
175623	16925	122	37551	42
175623	16926	122	49633	37
175623	16926	122	18824	18
175623	16927	122	67409	66
175623	16928	122	44226	42
175623	16929	122	33092	42
176591	16923	122	6128	8
176591	16924	122	23849	16
176591	16925	122	30465	26
176591	16926	122	23917	19
176591	16926	122	7468	5
176591	16927	122	31964	40
176591	16928	122	37487	49
176591	16929	122	28618	40
178054	16923	122	36126	19
178054	16924	122	94620	60
178054	16925	122	23152	17
178054	16926	122	11988	8
178054	16926	122	3458	4
178054	16927	122	15396	17
178054	16928	122	21397	26
178054	16929	122	19824	11
178660	16923	122	5	0
178660	16924	122	3784	3
178660	16925	122	6230	11
178660	16926	122	6135	7
178660	16926	122	9	0
178660	16927	122	4524	6
178660	16928	122	13161	19
178660	16929	122	12769	21
179935	16922	122	1	0
179935	16923	122	59902	21
179935	16924	122	46584	34
179935	16925	122	41909	19
179935	16926	122	18924	16
179935	16926	122	33189	17
179935	16927	122	11524	7
179935	16928	122	14334	10
179935	16929	122	7406	5
180216	16923	122	2	0
180216	16924	122	53476	18
180216	16925	122	37651	26
180216	16926	122	25731	12
180216	16926	122	1	0
180216	16927	122	22926	14
180216	16928	122	39842	20
180216	16929	122	44252	36